EmployeeID,Age,Department,City,YearsExperience,MonthlySalary,PerformanceScore,TrainingHours
1052,39.0,IT,,10.3,50947.75,82.1,42.9
1523,45.0,Marketing,,16.2,62907.88,65.1,35.0
1180,36.0,Finance,,11.2,41661.0,60.1,0.2
2174,26.0,Marketing,Delhi,2.1,28910.9,65.2,3.9
1938,33.0,Sales,Mumbai,5.0,36279.83,64.4,26.9
2153,36.0,Finance,Delhi,5.1,37575.75,78.0,3.8
1206,34.0,Sales,,8.3,44693.84,55.6,1.2
2091,29.0,Sales,Kolkata,4.9,39251.5,72.1,44.7
1657,34.0,HR,Chennai,2.1,31020.85,59.1,2.7
2115,35.0,Sales,,6.3,42000.77,11.4,6.8
1035,39.0,Marketing,,5.6,33036.37,70.4,10.1
1736,35.0,Marketing,,12.3,50282.76,78.8,19.0
1064,39.0,IT,,7.2,49320.32,59.9,3.9
1642,40.0,IT,,12.2,56749.16,77.3,5.1
1762,34.0,IT,Mumbai,13.8,41661.0,69.3,20.4
1928,37.0,IT,Delhi,7.4,44843.64,84.6,0.9
1455,35.0,Finance,,9.1,48048.47,70.4,10.649999999999999
1356,36.0,Sales,Bangalore,10.8,43267.8,59.4,2.6
2074,21.0,Marketing,,0.0,23251.89,94.2,46.9
1446,22.0,Finance,,0.7,28410.46,91.3,26.2
1351,34.0,IT,,10.1,54258.19,73.9,17.1
1173,30.0,Marketing,,3.3,32433.8,67.9,2.6
1514,33.0,IT,Kolkata,9.7,41661.0,75.3,12.6
1628,34.0,IT,,17.0,66639.01,67.0,12.5
1221,34.0,Sales,,4.0,35209.85,77.9,16.8
1791,28.0,Finance,,3.2,34774.51,52.5,10.1
1373,41.0,IT,Mumbai,12.1,56708.96,72.5,9.0
1254,26.0,IT,Bangalore,2.8,27467.34,54.5,7.7
2039,40.0,Marketing,Chennai,6.0,31236.81,70.4,54.9
1632,54.0,Sales,Bangalore,12.4,41679.11,80.0,15.2
1453,50.0,HR,Kolkata,12.3,53020.29,70.4,10.649999999999999
1545,32.0,Sales,Mumbai,8.4,40883.51,76.0,12.5
1526,30.0,Sales,,5.4,40422.74,84.7,7.9
1190,47.0,IT,Bangalore,20.4,62795.18,77.5,4.0
1102,44.0,HR,Bangalore,7.7,38545.9,68.1,3.9
1735,36.0,IT,Delhi,13.0,49435.51,77.7,22.1
1335,34.0,IT,Bangalore,10.9,41661.0,85.0,11.0
1998,35.0,Marketing,Bangalore,8.8,46205.4,22.2,7.9
1447,43.0,Finance,,17.7,65963.54,65.3,8.7
1171,29.0,Marketing,,2.4,41661.0,72.0,44.8
1633,31.0,IT,Delhi,5.3,35297.98,74.0,6.7
1370,41.0,Sales,Kolkata,15.8,62182.1,62.0,8.2
1286,30.0,IT,Chennai,5.0,38910.13,70.5,12.7
2034,38.0,Marketing,Chennai,6.9,36354.02,50.8,1.5
1573,36.0,IT,Mumbai,6.3,43297.7,76.1,1.5
1028,37.0,Marketing,Delhi,13.3,50162.95,77.5,40.6
1427,40.0,Finance,,5.8,25467.88,92.7,7.9
2200,26.0,Marketing,,2.0,33925.7,90.1,9.8
1279,44.0,Marketing,Chennai,10.9,50448.21,59.1,20.1
2111,46.0,Marketing,,8.0,42211.76,86.7,4.2
1666,20.0,Sales,Kolkata,0.0,41661.0,82.2,26.7
1962,35.0,IT,Mumbai,8.0,49024.8,24.8,0.4
1651,49.0,Sales,Bangalore,14.2,41661.0,79.2,10.649999999999999
1681,41.0,HR,Bangalore,14.8,55676.0,54.3,8.2
1499,34.0,Marketing,,0.0,23112.56,67.1,6.6
1114,22.0,Sales,Chennai,0.4,18533.96,60.4,3.4
1129,29.0,IT,,5.3,41291.88,70.8,4.5
1653,47.0,Marketing,Bangalore,17.4,66212.21,80.5,2.4
1674,23.0,Marketing,Kolkata,1.5,28140.95,63.7,19.1
1047,41.0,IT,Kolkata,13.9,57178.1,66.6,0.6
2150,42.0,Finance,Mumbai,16.5,68383.19,63.0,0.1
2189,39.0,Marketing,Delhi,7.8,44266.23,47.2,24.0
1397,40.0,HR,,16.9,58521.78,81.8,10.4
1510,38.0,HR,,9.9,45835.0,66.9,46.5
1798,42.0,IT,Bangalore,12.2,45155.76,67.6,2.2
1456,35.0,Marketing,Mumbai,4.2,115864.63,65.7,2.1
2134,45.0,IT,,13.8,57721.24,45.6,38.2
1644,35.0,HR,,4.6,36372.66,79.4,7.2
1661,34.0,HR,Delhi,0.0,25101.05,87.1,17.8
1725,27.0,HR,Delhi,5.4,33398.51,70.4,21.4
1925,33.0,IT,Kolkata,5.9,36798.88,71.4,0.6
1621,30.0,Sales,Chennai,3.6,33636.69,82.2,54.2
1409,20.0,Sales,Bangalore,0.0,25546.63,76.3,1.4
1922,27.0,Sales,Kolkata,5.2,39647.18,89.6,1.0
1285,25.0,Sales,Kolkata,1.2,23624.45,64.6,20.7
1879,33.0,Sales,,6.5,34537.71,83.1,25.4
1368,34.0,Finance,Kolkata,5.1,32187.81,63.2,49.8
2175,33.0,HR,Chennai,8.6,186035.92,61.1,5.9
1431,26.0,Finance,Chennai,3.4,32069.66,75.6,9.4
1759,39.0,IT,,11.5,51532.7,76.7,1.2
1061,21.0,Sales,Kolkata,0.0,21763.6,65.7,3.3
1229,27.0,HR,Delhi,3.0,31051.09,88.6,1.3
1826,34.0,Sales,Bangalore,4.1,34523.34,65.2,15.6
1362,37.0,Sales,,5.9,42322.44,73.1,9.4
1650,31.0,IT,Bangalore,3.6,35237.08,74.5,10.6
1542,27.0,IT,Kolkata,2.7,41661.0,79.1,25.1
2179,37.0,IT,Delhi,10.2,39713.86,63.6,39.8
2106,40.0,Sales,,11.7,51302.16,67.8,10.649999999999999
1111,37.0,IT,Chennai,11.9,50109.16,72.2,25.0
1529,36.0,Sales,Kolkata,13.3,61671.46,69.0,17.2
1627,31.0,Marketing,Kolkata,8.3,39303.22,74.7,3.2
1464,34.0,Finance,Chennai,0.0,27229.59,72.9,30.0
2170,31.0,Sales,Mumbai,7.5,44352.28,73.1,5.2
1290,33.0,Sales,Chennai,9.7,40363.55,75.3,25.2
1010,27.0,Sales,Kolkata,5.3,29726.8,66.8,3.4
1817,31.0,IT,Bangalore,5.2,36760.33,70.7,0.1
1054,31.0,HR,,8.5,39686.73,64.2,21.4
2016,26.0,Finance,Chennai,3.5,29197.49,75.3,12.7
1768,34.0,HR,Kolkata,3.7,29291.69,35.1,38.3
1398,36.0,HR,Delhi,6.7,40942.86,73.4,1.4
2126,32.0,Sales,,5.1,35800.09,62.5,4.1
1263,36.0,IT,Bangalore,8.8,41617.57,76.6,17.3
1041,40.0,Sales,Chennai,9.5,50718.03,71.1,15.9
1110,20.0,HR,,0.0,30862.64,32.6,3.0
1610,38.0,HR,Chennai,12.8,46165.93,69.5,12.1
1846,37.0,Sales,Bangalore,13.6,56597.99,71.2,5.1
2066,34.0,Finance,Delhi,9.0,43860.2,75.1,2.8
2084,34.0,Marketing,Bangalore,7.7,43508.25,68.9,12.5
1084,31.0,Marketing,Chennai,4.6,30350.07,85.3,25.5
1565,41.0,HR,Delhi,9.4,48581.3,76.6,52.6
1867,23.0,Finance,Mumbai,1.4,21473.9,90.6,38.7
1408,41.0,Sales,Chennai,10.4,52851.32,65.3,7.2
1099,37.0,Marketing,,11.7,50425.06,56.0,8.7
1634,20.0,Finance,,0.0,27615.79,55.6,20.4
2098,38.0,Sales,,10.3,41661.0,67.4,5.0
1375,38.0,Sales,,11.8,51325.18,99.9,43.0
1271,28.0,Finance,Bangalore,2.4,35993.35,66.6,15.8
1337,29.0,HR,,6.5,40330.78,85.9,0.4
1999,35.0,Finance,Bangalore,5.2,34114.73,90.6,39.3
1152,26.0,IT,Delhi,4.1,27724.56,34.7,4.3
1512,32.0,IT,Mumbai,9.9,50747.58,78.9,1.3
1929,32.0,Marketing,Chennai,5.6,34612.04,62.4,6.6
1620,46.0,Marketing,Bangalore,8.7,41954.7,93.6,14.8
2094,35.0,IT,Chennai,11.8,59139.29,69.7,37.2
1319,42.0,Sales,,12.5,50196.97,56.5,5.2
1232,29.0,Sales,Delhi,6.1,36060.47,94.5,16.1
1253,34.0,Marketing,Chennai,9.6,41818.32,70.4,5.9
1858,34.0,Sales,Delhi,9.8,49682.72,63.1,8.2
2122,34.0,IT,,4.5,38513.51,58.7,7.2
1055,30.0,IT,,7.4,46390.12,72.5,0.4
1380,34.0,Sales,Delhi,4.0,26844.74,52.4,11.4
1432,38.0,Sales,,8.2,49608.65,89.3,12.3
1142,26.0,Marketing,Kolkata,2.6,20563.17,70.4,6.7
1811,32.0,IT,Mumbai,8.1,47339.88,49.7,52.2
1098,26.0,Marketing,Kolkata,1.6,29424.43,66.6,4.6
1757,27.0,IT,,1.9,31638.58,70.4,3.7
1985,37.0,IT,Delhi,6.9,38138.17,70.4,9.6
1572,34.0,IT,Kolkata,5.4,34636.4,70.4,8.1
1433,33.0,Sales,,5.8,39005.49,57.1,15.1
1524,34.0,Marketing,Chennai,6.7,36961.36,89.9,13.8
1013,35.0,Marketing,Chennai,11.9,52684.28,92.3,10.1
1686,30.0,IT,Mumbai,5.5,34498.32,70.4,43.2
1818,36.0,Finance,Mumbai,8.0,34099.96,46.5,13.4
1147,29.0,IT,,4.8,32703.48,53.8,10.649999999999999
1680,33.0,Sales,Mumbai,9.6,40607.59,60.6,12.6
2136,34.0,IT,Bangalore,16.7,54356.48,74.5,1.3
1014,43.0,Marketing,Mumbai,9.9,43424.58,38.0,7.1
1618,36.0,Finance,Mumbai,6.3,42277.54,86.5,26.2
1552,38.0,HR,,10.0,48172.31,63.7,1.3
1889,20.0,IT,Chennai,0.0,28298.97,74.4,6.7
1699,27.0,Finance,Bangalore,2.4,35081.68,63.9,8.5
1021,33.0,Finance,Chennai,8.0,37273.42,72.8,31.3
1896,42.0,Finance,Mumbai,13.7,49255.02,63.4,29.6
1352,41.0,HR,Kolkata,17.3,59446.07,70.5,54.7
1875,20.0,IT,,0.0,26406.28,74.9,24.4
1307,34.0,IT,Chennai,3.9,35276.99,62.5,31.1
1825,34.0,Marketing,Chennai,0.0,22401.58,80.1,48.2
1400,28.0,IT,Delhi,4.5,37662.23,89.3,48.5
1205,20.0,Sales,Mumbai,0.0,22758.69,60.0,10.649999999999999
2172,20.0,Sales,Bangalore,0.0,20865.46,93.1,0.4
1678,37.0,IT,,12.0,50810.85,74.1,0.2
2196,50.0,Finance,Mumbai,9.3,41219.38,68.5,6.2
1018,34.0,HR,,3.8,38712.78,68.9,0.3
1390,23.0,Finance,Chennai,1.2,33365.91,71.6,12.3
1881,36.0,Sales,Chennai,9.2,42133.0,56.1,3.0
1504,22.0,Finance,Bangalore,0.5,26024.07,85.2,7.8
1535,21.0,HR,Bangalore,0.0,26101.89,76.9,14.0
1273,33.0,Sales,Bangalore,7.9,45365.67,62.9,48.5
1116,30.0,Finance,,5.9,41661.0,81.8,3.9
1208,24.0,Sales,Delhi,1.4,19059.3,62.7,20.3
1493,32.0,Sales,Mumbai,8.8,40774.22,74.4,17.0
1717,21.0,Finance,Kolkata,0.0,19136.43,66.3,13.4
1993,48.0,Sales,Kolkata,15.9,60032.22,77.1,15.6
1976,26.0,IT,Bangalore,2.0,31741.94,83.6,24.1
1141,37.0,HR,Delhi,13.1,59453.8,64.3,1.8
1887,44.0,Sales,Delhi,11.7,50256.93,70.2,4.3
1264,30.0,HR,Chennai,2.8,37348.36,53.2,10.1
2160,23.0,Marketing,,1.2,29229.31,47.8,11.2
1419,33.0,Marketing,Kolkata,10.7,51706.0,80.5,11.3
1566,40.0,HR,Chennai,7.2,43141.39,70.4,38.1
1485,34.0,Sales,,8.0,49958.01,73.1,21.9
2171,25.0,HR,Mumbai,1.7,24810.18,67.1,0.8
1557,28.0,Sales,Chennai,5.5,39964.78,51.8,9.8
1748,38.0,Sales,Chennai,7.4,47650.91,87.0,3.9
1359,27.0,Finance,Chennai,4.5,35861.69,83.3,64.1
1109,41.0,Marketing,Kolkata,15.9,57470.72,59.5,4.2
1672,36.0,Sales,Bangalore,10.5,41661.0,87.5,17.2
2113,25.0,Sales,Chennai,2.2,36678.14,88.5,31.4
1100,27.0,Marketing,,4.5,37463.14,72.9,9.6
1217,38.0,Marketing,Chennai,7.9,45755.76,70.3,39.6
1586,50.0,IT,,13.5,59217.93,79.3,10.6
1386,28.0,IT,Mumbai,3.5,27950.71,88.8,9.8
1421,35.0,Sales,Mumbai,12.1,54196.59,71.5,28.0
1413,29.0,Marketing,,4.0,31046.19,81.1,15.0
1707,27.0,IT,Delhi,4.9,39389.47,60.7,3.6
1942,41.0,Finance,,7.7,39385.7,59.7,25.8
1558,26.0,HR,Kolkata,1.8,28584.43,82.0,10.649999999999999
1794,37.0,HR,Delhi,10.8,50905.21,59.6,3.4
1306,26.0,Sales,Delhi,4.0,29489.05,93.3,15.4
1914,29.0,Sales,Bangalore,3.8,30437.15,85.6,3.0
1663,27.0,Sales,Chennai,1.9,29122.66,69.7,25.3
1991,41.0,Finance,,13.8,51613.61,89.9,34.3
1364,26.0,Sales,,3.4,41661.0,70.4,1.1
1024,33.0,Marketing,,5.5,31718.12,66.6,18.8
2040,39.0,Sales,Mumbai,9.8,43896.19,71.8,22.0
1265,38.0,HR,,14.7,41661.0,90.2,47.4
1756,43.0,HR,Chennai,10.9,48618.84,93.3,11.2
2123,28.0,Marketing,,4.0,35788.54,67.0,25.8
1187,35.0,IT,Mumbai,10.6,52500.26,85.5,3.7
1563,34.0,HR,Delhi,11.3,41661.0,71.5,6.9
1863,34.0,Sales,Bangalore,4.9,32993.36,82.9,22.2
1948,20.0,Sales,Delhi,0.0,22064.2,37.2,13.5
1124,45.0,Sales,Mumbai,11.7,54211.1,84.9,2.9
1639,39.0,Marketing,Delhi,13.9,55294.22,66.1,4.8
1903,33.0,Finance,Delhi,7.2,41661.0,73.3,10.649999999999999
2051,24.0,Marketing,Bangalore,1.9,29605.94,66.5,25.0
1769,24.0,Sales,Bangalore,0.9,24928.02,22.6,21.1
1587,25.0,IT,,2.3,28773.86,74.0,58.1
2139,33.0,IT,Mumbai,9.3,43699.64,64.7,17.2
2076,36.0,Sales,,11.9,48324.02,71.0,2.1
1148,33.0,Marketing,Bangalore,4.9,33059.72,55.4,10.0
1934,47.0,IT,Chennai,10.0,45890.65,73.8,10.8
1494,38.0,IT,Chennai,10.0,42288.84,70.4,1.6
1225,35.0,Finance,Bangalore,4.9,27034.37,90.6,0.2
1832,46.0,Marketing,Delhi,11.4,41661.0,66.7,7.1
1071,24.0,HR,Kolkata,1.5,28436.71,55.9,13.1
1692,34.0,Finance,Chennai,4.9,27990.78,56.8,5.6
1281,38.0,Sales,Mumbai,12.6,57345.37,72.5,6.1
1172,34.0,Sales,Delhi,5.7,37691.52,66.1,11.0
1749,31.0,HR,Chennai,6.1,37732.56,72.5,24.8
1169,33.0,Sales,Mumbai,10.3,49004.99,91.4,10.6
1892,30.0,IT,Chennai,7.2,44122.4,77.9,7.1
1284,38.0,Sales,Kolkata,8.3,40477.28,73.6,17.8
2053,35.0,Sales,Kolkata,4.8,36870.4,60.3,21.7
1126,37.0,IT,,14.1,54109.59,95.6,8.6
2156,35.0,Finance,Bangalore,10.3,53507.36,75.0,20.5
2197,24.0,HR,,2.2,33022.88,70.5,84.8
1165,41.0,IT,Kolkata,15.1,58260.99,83.4,10.649999999999999
2029,34.0,HR,Kolkata,4.8,39625.29,67.8,3.4
2154,30.0,Sales,Bangalore,5.4,41661.0,44.2,1.3
1532,26.0,Sales,,2.9,29595.5,83.2,1.5
1841,49.0,Marketing,Delhi,8.4,45826.33,63.3,16.2
1043,34.0,Marketing,Bangalore,5.3,30991.96,50.9,12.0
1782,34.0,Sales,Delhi,5.6,40631.75,57.4,9.8
1919,34.0,HR,Bangalore,8.2,43331.47,53.4,3.8
1689,30.0,Sales,Delhi,7.1,45755.38,69.8,14.8
1579,32.0,Finance,Mumbai,7.3,42209.52,74.2,28.0
1133,39.0,Sales,,6.2,40218.4,81.7,5.5
2015,26.0,IT,Kolkata,4.3,37105.91,77.7,9.1
1468,49.0,HR,Delhi,19.2,72428.23,63.4,1.6
1039,27.0,Sales,Kolkata,4.9,27380.39,58.2,32.9
1964,33.0,HR,,4.9,35237.89,65.8,2.8
1191,48.0,Sales,,19.1,74367.58,44.2,50.4
2043,40.0,Marketing,Delhi,7.5,41258.74,71.7,5.3
1509,30.0,Finance,Chennai,4.5,41661.0,96.2,1.4
1167,41.0,Marketing,Kolkata,17.0,63438.45,92.8,6.1
1541,21.0,Finance,Delhi,0.0,31456.46,44.7,15.1
1072,25.0,HR,Kolkata,2.8,32362.46,70.3,0.5
1907,32.0,Finance,Bangalore,4.6,38735.2,66.9,27.6
1906,50.0,IT,Chennai,11.9,56669.55,61.7,25.2
1637,32.0,Marketing,Delhi,5.3,33259.9,71.0,8.2
1994,45.0,HR,Delhi,20.2,63971.54,79.1,27.7
1927,33.0,IT,Delhi,8.6,35443.58,70.4,3.6
1005,20.0,Marketing,,0.0,30680.11,68.2,18.8
1340,39.0,Sales,Chennai,10.0,48557.22,57.5,7.4
1695,27.0,HR,,5.2,29982.07,83.0,18.3
1715,32.0,Marketing,,3.9,32641.29,16.7,4.3
1378,20.0,IT,Delhi,0.0,24361.55,80.2,14.2
1448,31.0,Sales,Mumbai,6.4,45086.41,66.6,51.1
1652,33.0,Sales,Kolkata,10.5,35658.05,32.2,13.5
2054,54.0,Sales,Chennai,13.4,56760.8,57.8,19.6
1501,45.0,Marketing,Mumbai,10.5,54178.1,57.4,16.4
1805,34.0,Sales,Delhi,16.3,60215.08,59.6,12.6
2078,56.0,Sales,Delhi,21.0,75985.99,86.2,16.8
1095,21.0,Finance,Mumbai,0.0,29917.3,64.1,14.2
1096,22.0,IT,Mumbai,0.8,29158.34,76.1,0.7
1309,34.0,IT,,10.8,54361.46,71.3,3.5
1747,48.0,Marketing,Kolkata,23.2,76944.24,66.6,1.9
1490,39.0,Sales,Kolkata,10.1,43086.65,72.5,26.8
1603,44.0,Finance,Chennai,18.0,64180.85,65.3,4.2
1059,34.0,IT,,3.5,24536.56,86.6,26.6
2147,38.0,Sales,,12.2,48060.44,78.4,25.5
1326,40.0,HR,,9.6,48273.99,71.9,22.9
1518,28.0,Finance,Kolkata,4.3,34741.98,78.3,8.1
1025,31.0,Sales,Kolkata,6.6,38617.73,70.0,58.8
2055,23.0,Marketing,Bangalore,0.7,32190.43,95.7,2.0
1245,51.0,IT,Mumbai,21.0,74089.1,90.7,29.9
1026,31.0,IT,,5.7,41661.0,71.9,5.7
1223,34.0,Marketing,Delhi,8.9,43101.2,57.5,11.7
1604,29.0,Finance,Delhi,5.0,35686.51,100.0,10.649999999999999
1106,32.0,Finance,,4.4,129127.66,78.6,0.1
2087,23.0,IT,Bangalore,1.7,28935.7,68.8,10.3
1131,31.0,Sales,Bangalore,3.6,27835.0,68.8,3.3
1154,34.0,Sales,Chennai,4.3,39585.34,89.9,16.2
2080,45.0,Sales,,11.1,51826.2,9.4,4.5
2144,30.0,HR,Chennai,7.6,201529.86,70.4,7.3
1871,36.0,Finance,Kolkata,11.8,54083.73,68.7,4.8
1569,34.0,HR,Delhi,14.6,53893.01,84.4,38.4
1076,40.0,Marketing,Delhi,8.6,49439.33,42.0,76.3
2112,32.0,Finance,Kolkata,7.9,48085.31,45.6,12.1
2071,32.0,IT,Chennai,8.0,44119.01,81.0,11.1
1923,35.0,IT,Delhi,5.1,32314.46,65.1,22.6
1317,34.0,IT,,4.5,32412.66,94.6,10.4
1986,39.0,IT,Mumbai,7.5,47426.94,70.4,4.8
1743,34.0,Finance,Delhi,3.8,30846.72,69.0,2.1
1200,33.0,Marketing,Delhi,4.6,34120.51,79.1,0.6
1862,22.0,IT,,0.5,24902.06,78.9,2.8
1135,22.0,Sales,,0.9,41661.0,70.4,85.9
1327,21.0,Marketing,Delhi,0.0,24951.88,56.5,36.4
1260,34.0,HR,Mumbai,1.8,23893.61,72.8,0.8
1973,34.0,Sales,Kolkata,6.0,38242.3,62.4,29.4
1004,34.0,Sales,Bangalore,14.3,54937.5,33.6,4.1
1849,28.0,HR,,6.2,36661.69,66.8,37.0
1211,41.0,Marketing,,10.1,46421.47,76.0,14.2
1197,39.0,Sales,Chennai,11.0,49806.36,70.8,5.4
2044,35.0,HR,Chennai,8.0,54584.96,88.1,30.3
1537,30.0,HR,,4.4,36208.23,83.5,27.3
1592,36.0,IT,Mumbai,10.6,41661.0,67.3,12.9
1027,38.0,IT,Bangalore,7.6,37169.62,51.1,15.9
2090,32.0,Marketing,Bangalore,4.3,33213.01,62.0,1.7
1902,35.0,Finance,Chennai,9.7,41661.0,84.9,3.3
2131,27.0,Sales,,1.9,32669.99,84.9,46.6
1595,24.0,IT,Chennai,1.1,41661.0,65.5,9.7
1062,31.0,Sales,Kolkata,5.3,28703.33,69.2,15.3
1723,20.0,Finance,Kolkata,0.0,27665.15,63.4,18.0
2032,36.0,IT,Bangalore,10.8,48391.83,64.2,24.3
1984,40.0,IT,Delhi,13.9,55248.41,70.4,28.4
1682,39.0,Finance,,14.1,53330.74,53.2,25.4
1638,25.0,Marketing,Kolkata,2.0,24176.07,67.9,15.9
1780,24.0,IT,,1.6,32411.17,66.2,23.5
1598,41.0,Sales,Mumbai,11.0,52799.3,69.7,49.2
1574,27.0,Sales,Mumbai,2.6,27188.54,79.0,11.2
1458,27.0,Finance,Delhi,4.0,35121.23,68.7,14.1
1926,49.0,Sales,Bangalore,10.6,49752.41,76.2,9.8
1886,36.0,Sales,Delhi,12.3,41661.0,74.6,23.2
1009,34.0,IT,,9.7,45875.2,84.6,0.2
1979,34.0,Marketing,Chennai,1.3,25028.81,73.9,0.7
1667,21.0,Finance,,0.0,32907.9,48.5,20.7
2173,33.0,IT,Delhi,6.8,41927.72,58.1,17.2
1649,35.0,IT,,5.7,45464.8,75.0,18.0
1658,35.0,Sales,,8.8,47744.69,84.2,36.3
1820,25.0,IT,Delhi,1.7,25123.64,74.4,16.6
2118,31.0,IT,Delhi,5.8,32794.39,71.8,3.5
1075,35.0,IT,Mumbai,6.7,39259.66,64.5,40.1
1564,28.0,HR,Kolkata,3.9,34653.44,70.0,6.6
2020,39.0,IT,Delhi,14.6,48651.03,81.0,2.2
1058,46.0,IT,Mumbai,22.0,66842.44,81.4,0.9
2028,34.0,Sales,Kolkata,8.5,41661.0,62.3,31.8
1479,34.0,IT,Mumbai,11.1,60345.15,70.4,3.3
1298,34.0,Finance,Chennai,4.5,38172.28,83.0,6.9
1955,28.0,Sales,,6.2,40676.99,70.0,17.5
1218,45.0,Marketing,,14.2,41661.0,62.4,21.9
1713,26.0,Sales,Delhi,2.4,38428.51,77.1,5.1
1669,30.0,HR,Mumbai,3.0,29326.23,72.9,12.4
1345,47.0,Marketing,Bangalore,12.3,52296.37,73.5,17.0
1714,34.0,Marketing,,5.5,30052.0,82.9,5.8
1481,36.0,IT,Chennai,10.0,42576.06,64.1,10.1
1940,41.0,HR,Bangalore,8.4,40737.87,86.7,48.8
1755,48.0,Sales,,11.7,47320.66,84.6,3.5
2041,26.0,HR,,3.4,29803.82,69.7,6.7
1703,26.0,Sales,Bangalore,3.9,41661.0,72.5,29.9
1869,29.0,HR,Bangalore,4.2,30978.85,61.1,6.5
1958,52.0,Sales,,15.3,67907.32,56.9,4.4
1267,35.0,IT,,6.3,36726.99,70.4,9.3
1007,34.0,IT,,10.6,48697.28,79.8,16.7
1123,36.0,HR,,12.7,51072.84,69.4,1.1
2050,38.0,Sales,Bangalore,14.5,52720.76,85.4,4.9
1139,50.0,Marketing,Kolkata,20.5,68586.86,52.2,28.7
1164,27.0,IT,Mumbai,5.2,34061.09,68.1,10.9
1734,32.0,IT,Chennai,7.5,36703.96,94.3,20.0
1549,40.0,Sales,,16.1,59639.98,41.8,33.3
2073,32.0,HR,,9.3,43262.29,58.0,1.8
1044,36.0,HR,Chennai,6.9,49603.28,52.8,21.8
1779,34.0,IT,,7.3,42184.83,74.1,8.8
2057,35.0,HR,Chennai,11.2,41661.0,85.8,40.0
1320,25.0,Finance,Kolkata,2.1,30468.45,67.0,23.1
1801,27.0,Marketing,Kolkata,4.3,35942.43,88.0,3.5
1796,33.0,IT,,8.1,40146.92,70.4,13.7
1452,37.0,IT,Mumbai,12.0,57583.59,58.7,14.5
1295,32.0,IT,Bangalore,9.5,53531.79,70.4,16.9
1588,27.0,HR,Kolkata,4.8,31329.38,52.3,16.5
1559,24.0,Marketing,Kolkata,1.0,31516.5,65.4,24.6
2021,37.0,Marketing,Chennai,7.6,41507.04,70.4,40.4
1507,53.0,Sales,Delhi,26.6,83284.87,36.4,3.0
1020,34.0,Marketing,Delhi,7.8,41661.0,64.1,6.2
1519,41.0,IT,Chennai,9.5,43415.95,95.6,39.9
1474,35.0,Sales,Mumbai,6.5,36635.94,68.0,55.8
1675,34.0,Sales,Chennai,16.4,61779.28,72.5,14.4
1700,34.0,Sales,Bangalore,9.7,47954.35,76.6,2.1
2056,46.0,Finance,Delhi,19.0,41661.0,60.5,1.7
1410,24.0,IT,Bangalore,1.5,25023.7,73.6,47.0
2102,34.0,IT,,14.6,54324.95,93.6,3.1
1138,41.0,Finance,Mumbai,17.8,63202.01,57.8,6.6
2038,34.0,Finance,Delhi,3.6,38494.08,65.3,14.2
1527,46.0,Sales,Kolkata,21.1,41661.0,63.7,2.8
1186,46.0,IT,,19.7,66570.11,90.2,31.3
1972,33.0,IT,Chennai,4.7,34400.14,49.9,1.6
2141,48.0,Marketing,Bangalore,18.0,58496.57,70.4,0.2
2158,46.0,Sales,,20.0,68831.66,58.3,0.4
1873,34.0,IT,,11.9,45533.85,65.0,16.2
2169,31.0,Finance,Mumbai,7.5,46903.96,68.4,9.8
1508,37.0,Marketing,,7.0,37339.62,70.4,34.7
1328,33.0,Marketing,Kolkata,7.9,41120.25,90.6,1.7
1318,28.0,IT,Mumbai,3.5,31628.82,71.8,6.4
1838,45.0,Marketing,Bangalore,8.9,46826.65,55.4,1.7
1975,26.0,Marketing,,2.3,36645.97,62.7,26.6
1722,43.0,Sales,Bangalore,10.3,50041.14,92.1,0.9
1732,34.0,Finance,,6.5,40021.34,70.4,2.4
1800,34.0,Finance,,7.3,37245.72,70.1,10.649999999999999
1472,31.0,IT,,7.9,50343.95,52.7,4.0
1484,39.0,Finance,,13.7,58524.5,62.3,2.6
1786,36.0,Sales,Kolkata,10.1,51710.24,41.3,3.6
1149,34.0,Marketing,Kolkata,7.4,40758.42,67.2,1.9
1489,27.0,IT,Bangalore,3.6,30126.99,81.2,3.2
2000,41.0,Marketing,Delhi,10.7,50415.48,77.1,3.7
1709,32.0,Finance,Delhi,3.9,30629.77,43.9,31.4
2185,34.0,Sales,Chennai,5.3,36746.79,55.2,10.649999999999999
2167,54.0,Finance,,12.0,51938.48,69.3,29.2
1366,46.0,Sales,Kolkata,20.0,75406.29,70.4,9.4
1913,38.0,Finance,Delhi,14.0,60180.62,87.0,14.0
1531,31.0,Marketing,,8.2,32797.05,77.3,1.0
1821,30.0,Marketing,,7.0,37746.6,59.6,43.0
1816,36.0,Sales,Mumbai,7.0,48660.1,40.4,10.649999999999999
1953,38.0,Sales,Delhi,15.2,53079.17,83.5,0.6
1570,36.0,HR,Delhi,4.5,37106.91,69.8,1.5
1233,37.0,Finance,Chennai,13.9,51034.79,71.4,0.4
1957,30.0,Finance,Chennai,3.1,36122.82,69.5,11.8
2186,23.0,Sales,Bangalore,0.6,32831.42,56.3,76.9
1813,36.0,Sales,Delhi,6.6,39210.24,67.8,0.1
1591,24.0,IT,Bangalore,2.5,29875.75,78.2,7.3
1159,30.0,Finance,Mumbai,6.2,182309.58,79.5,7.2
1316,32.0,IT,Chennai,4.1,43896.78,86.8,34.1
1257,37.0,HR,Bangalore,10.4,48143.93,67.5,22.2
2116,34.0,Marketing,Delhi,8.7,39117.36,36.0,26.5
1097,23.0,IT,Chennai,0.7,27357.39,67.7,7.5
2184,39.0,Marketing,Kolkata,12.8,49798.06,70.7,2.5
1463,21.0,Marketing,,0.0,24783.7,59.5,73.1
1385,21.0,Sales,,0.0,29157.01,56.3,34.7
2109,34.0,Finance,Bangalore,13.4,41661.0,62.1,21.7
1178,35.0,Marketing,Kolkata,9.2,43071.68,74.2,13.9
1475,39.0,Finance,Delhi,15.8,57556.73,69.9,18.3
1329,25.0,Finance,,2.0,39106.67,72.9,13.3
1315,34.0,Sales,Kolkata,6.4,41439.4,87.3,1.6
1416,36.0,Sales,Kolkata,9.5,52394.35,70.4,10.649999999999999
1358,36.0,IT,Mumbai,4.8,26950.54,55.4,38.4
1348,39.0,Sales,Mumbai,11.4,45878.32,81.5,0.4
1505,20.0,Sales,Chennai,0.0,41661.0,70.4,53.0
1299,20.0,Sales,Bangalore,0.0,19409.34,58.3,30.8
2070,33.0,IT,Delhi,4.3,29116.33,65.5,20.9
2009,34.0,IT,Chennai,11.2,49648.6,65.0,1.6
1789,25.0,IT,Chennai,2.9,37362.83,82.0,7.6
1706,26.0,IT,Kolkata,2.1,33092.71,85.2,44.1
1961,34.0,Sales,,9.3,41948.98,90.1,17.7
1659,44.0,IT,Delhi,17.3,61270.15,25.9,8.1
1250,25.0,Sales,Bangalore,2.7,37328.11,67.6,10.9
1844,33.0,Sales,Delhi,6.6,47122.16,55.8,3.7
1016,27.0,Sales,,2.2,41661.0,72.1,8.1
2145,34.0,Finance,,9.6,47313.72,63.0,5.1
1160,25.0,Sales,Kolkata,2.1,28867.23,66.0,4.7
2095,29.0,HR,,5.9,35475.68,68.4,28.1
1611,34.0,IT,,2.6,34185.59,66.7,46.3
1361,33.0,Sales,,4.1,41661.0,61.8,4.5
1049,39.0,Marketing,Kolkata,13.6,41661.0,43.8,5.1
1203,35.0,Marketing,Chennai,7.2,40515.57,84.1,1.0
1331,46.0,Sales,Kolkata,17.9,65571.73,77.8,9.7
1599,36.0,Sales,,9.8,49813.03,66.9,16.6
1511,22.0,Finance,,0.6,22541.49,73.7,14.6
1113,34.0,IT,Chennai,6.5,41229.54,73.2,42.4
1339,43.0,Sales,,13.3,41661.0,70.4,4.5
1308,34.0,Sales,Delhi,8.3,41661.0,80.9,9.0
1790,33.0,IT,Mumbai,7.5,41661.0,70.4,0.9
1423,29.0,IT,Kolkata,2.5,31773.91,79.5,14.7
1417,43.0,Sales,,6.6,40958.85,94.2,10.7
1952,38.0,HR,Chennai,9.9,48699.21,77.6,9.5
1411,22.0,Sales,Kolkata,0.7,30519.82,86.4,17.7
1981,38.0,Sales,,7.7,42624.96,70.4,3.4
1792,24.0,IT,Delhi,1.5,24654.75,80.1,7.2
1856,34.0,Marketing,Chennai,9.1,49329.91,70.4,1.1
1645,34.0,IT,Delhi,7.4,41661.0,72.9,4.5
1396,35.0,Marketing,,8.9,46045.35,6.9,43.0
1668,38.0,Sales,Kolkata,12.1,49201.47,78.5,13.0
1460,34.0,IT,,10.3,55221.84,80.4,21.3
1656,37.0,Finance,Mumbai,10.6,44797.13,65.7,16.2
1128,24.0,Sales,,2.2,113649.01,39.5,16.3
2058,37.0,IT,,6.6,34832.97,73.4,33.1
2190,33.0,Finance,Bangalore,9.9,49015.19,68.1,1.7
2093,40.0,HR,Bangalore,14.8,55393.7,51.8,10.6
1774,45.0,HR,,18.7,61786.77,63.2,9.3
1450,37.0,Sales,Kolkata,12.0,49566.37,58.9,2.2
1238,33.0,IT,Mumbai,8.7,43610.62,72.4,5.7
1168,37.0,IT,Mumbai,11.0,57566.68,56.1,5.6
1783,48.0,HR,Mumbai,19.2,67988.57,70.4,41.3
1636,32.0,IT,Chennai,7.3,43920.02,70.3,3.9
1081,38.0,HR,Bangalore,6.7,46231.89,79.0,10.649999999999999
1415,32.0,Sales,,7.9,49504.15,81.2,11.5
1670,20.0,IT,Chennai,0.0,41661.0,65.7,0.6
1301,48.0,Finance,Kolkata,16.6,62852.57,72.2,6.8
1643,50.0,IT,Delhi,13.5,51299.17,70.7,13.4
1325,49.0,Marketing,Kolkata,13.7,59084.7,77.7,4.9
1936,39.0,Sales,,7.0,40556.18,70.4,21.3
1216,42.0,HR,Mumbai,13.3,51257.21,70.4,10.0
1622,34.0,Sales,Mumbai,7.2,52269.89,74.5,16.3
1031,51.0,Sales,,16.4,41661.0,79.1,22.8
1753,26.0,Marketing,Mumbai,2.5,26091.45,90.5,58.3
1243,20.0,IT,Mumbai,0.0,26899.27,70.9,8.1
1730,25.0,Sales,Kolkata,3.1,32202.78,78.7,40.8
1641,22.0,Sales,Kolkata,0.5,41661.0,70.4,29.0
1336,24.0,HR,,1.0,29250.38,70.7,1.8
2006,37.0,Sales,Mumbai,12.0,51850.76,60.3,7.4
1210,31.0,HR,Delhi,6.3,40936.41,78.3,22.5
1548,26.0,Sales,Bangalore,3.7,27138.32,70.4,16.3
1436,29.0,HR,,4.5,173878.5,74.5,10.649999999999999
2142,20.0,HR,Delhi,0.0,26531.48,69.5,15.4
2110,41.0,Sales,Bangalore,9.1,41516.3,77.5,19.8
1404,31.0,Finance,Mumbai,6.6,35652.83,69.7,5.5
1363,42.0,Finance,Mumbai,15.0,41661.0,57.6,45.1
1272,37.0,IT,Delhi,5.0,35459.39,85.1,36.7
1467,32.0,IT,Mumbai,3.3,41661.0,61.3,13.5
2085,35.0,Sales,Mumbai,12.2,55883.13,51.3,16.7
1778,37.0,IT,Kolkata,5.4,36674.63,72.2,9.2
1278,25.0,Finance,Delhi,2.7,41661.0,72.6,61.7
2083,37.0,IT,Bangalore,7.9,47795.34,82.0,20.5
2159,20.0,HR,,0.0,95300.29,80.9,28.4
2149,34.0,Sales,,17.9,41661.0,49.6,17.4
1698,26.0,Finance,Mumbai,3.2,27968.05,58.5,7.2
1443,37.0,Marketing,Delhi,13.7,55734.91,78.4,13.9
1300,37.0,IT,Delhi,8.2,39190.11,76.8,10.6
1376,53.0,Finance,Kolkata,12.2,55658.51,79.6,4.8
1664,31.0,Sales,Bangalore,5.6,41215.99,59.9,10.649999999999999
2182,41.0,IT,Mumbai,6.9,168952.88,87.7,3.8
1612,36.0,HR,Kolkata,8.0,43601.29,91.3,45.5
1473,32.0,Marketing,Mumbai,7.8,40469.27,53.0,6.1
1852,30.0,IT,Delhi,7.3,40796.68,80.4,1.4
2103,39.0,HR,Kolkata,13.1,56974.44,79.9,12.7
1389,36.0,IT,Kolkata,5.9,35163.36,84.5,1.5
1023,44.0,IT,Delhi,9.9,48913.01,69.2,8.9
1701,43.0,IT,,10.0,47749.87,55.1,5.6
1916,43.0,Sales,,19.3,67388.61,70.4,4.6
1424,22.0,Sales,Bangalore,0.8,25850.13,22.9,7.3
2088,34.0,Sales,,0.5,24998.76,70.0,1.2
1744,20.0,Sales,,0.0,23886.53,63.1,37.3
1956,45.0,HR,,13.3,53248.97,56.0,7.6
1143,20.0,HR,Bangalore,0.0,28191.44,70.4,0.4
1051,36.0,IT,Delhi,6.3,42872.82,67.6,5.9
1721,33.0,HR,Delhi,5.5,30716.17,68.3,8.4
1761,44.0,Sales,Delhi,15.9,51651.04,75.2,16.5
1082,29.0,Sales,Chennai,5.6,39490.06,73.0,9.9
1483,35.0,HR,Bangalore,8.8,44629.82,70.4,10.649999999999999
1322,32.0,IT,Chennai,6.5,39086.5,59.9,15.3
2003,31.0,IT,,5.3,34721.19,75.9,5.9
1719,34.0,Marketing,Chennai,5.8,35643.85,70.8,28.6
1136,26.0,Marketing,Kolkata,3.5,31152.41,69.9,0.3
1067,31.0,Finance,Mumbai,8.8,44395.38,68.3,28.1
1960,37.0,Finance,Chennai,4.9,151636.76,59.0,1.4
1937,25.0,IT,Delhi,2.5,125499.19,76.5,8.0
1772,45.0,Sales,Bangalore,16.3,62861.86,75.9,14.2
1418,45.0,Sales,Mumbai,7.7,43789.54,83.4,3.6
2168,48.0,Marketing,,18.1,63575.2,42.9,3.8
1065,40.0,Sales,,16.6,67078.24,87.2,2.9
1944,44.0,Marketing,Chennai,15.9,59096.72,43.5,36.4
1935,36.0,IT,Delhi,13.1,58775.4,81.5,25.1
2104,38.0,Sales,Delhi,13.2,57328.92,35.8,0.3
1492,37.0,Marketing,,6.3,32599.49,70.4,43.3
1733,38.0,IT,,11.9,45772.82,79.4,2.0
1836,27.0,IT,,2.5,28019.21,80.2,2.2
1066,40.0,HR,,7.9,41350.73,82.6,15.0
2023,37.0,Sales,,8.6,41661.0,90.4,44.2
1596,31.0,Marketing,Mumbai,8.8,44345.24,72.2,0.1
2013,30.0,IT,Chennai,4.7,35526.51,25.7,8.5
1297,36.0,HR,Mumbai,4.7,33648.34,74.5,0.7
1420,45.0,IT,Kolkata,18.5,60672.07,69.5,1.1
1439,34.0,Finance,Kolkata,5.1,34311.52,68.5,11.3
1262,34.0,HR,Chennai,6.6,37657.65,67.8,30.1
1726,46.0,IT,Bangalore,12.4,52626.04,72.9,2.3
1282,20.0,Marketing,Bangalore,0.0,28061.37,65.5,3.3
1859,20.0,Marketing,Kolkata,0.0,25198.96,76.6,2.5
1883,25.0,Sales,Chennai,2.8,29557.48,63.0,19.7
1189,23.0,IT,,0.8,29033.64,55.2,13.8
1930,35.0,Sales,Mumbai,5.0,40879.85,70.4,5.5
1252,37.0,IT,Bangalore,8.8,49483.78,50.9,30.4
1784,34.0,IT,Mumbai,16.1,55159.78,24.4,15.7
2124,32.0,Sales,Mumbai,4.7,37466.34,72.4,53.3
1515,40.0,HR,,15.5,59681.97,84.0,11.5
1619,29.0,Finance,Delhi,3.9,29632.08,73.6,4.5
1488,37.0,HR,Mumbai,8.5,46848.34,64.8,29.4
1274,51.0,Finance,Bangalore,10.3,44651.89,70.4,21.9
1997,40.0,Sales,,13.0,55253.92,70.4,2.4
2191,46.0,Sales,,16.5,62850.5,91.4,28.9
1449,43.0,Sales,Mumbai,15.8,52933.45,57.3,12.4
1412,34.0,Finance,Bangalore,0.0,22289.84,95.5,32.1
1888,31.0,Sales,Chennai,8.5,43019.52,78.6,20.0
1751,34.0,Sales,Mumbai,11.4,52317.48,78.5,8.8
1971,32.0,Finance,Delhi,6.6,41661.0,63.3,10.2
1987,23.0,IT,Mumbai,1.0,29119.36,76.5,14.3
1150,35.0,Sales,Delhi,4.9,37435.39,68.8,13.0
1219,33.0,IT,Kolkata,3.9,31788.53,79.2,21.3
1240,30.0,IT,Bangalore,7.1,35322.47,58.0,4.6
1752,34.0,HR,,4.1,28151.03,67.2,12.9
1193,31.0,Finance,Delhi,6.9,46294.24,69.4,78.0
1192,33.0,Sales,Bangalore,5.0,31232.47,85.3,12.6
2061,33.0,Finance,,7.9,43389.38,56.4,11.0
1737,40.0,Finance,Bangalore,13.5,58447.88,80.1,18.2
1705,34.0,Sales,Delhi,9.0,44627.16,68.5,7.2
1738,34.0,IT,,15.0,60313.59,54.5,36.6
1624,29.0,Sales,Chennai,2.7,37365.44,73.6,15.3
1978,31.0,IT,Chennai,3.3,31460.58,75.6,13.7
1741,42.0,IT,,15.2,56274.74,64.9,21.6
1583,32.0,IT,Mumbai,5.4,36676.61,58.3,37.2
2132,32.0,IT,Delhi,6.0,42633.39,70.4,30.1
1324,40.0,Marketing,Delhi,13.3,51792.08,98.9,9.4
1969,41.0,IT,Bangalore,12.5,51459.69,71.3,6.9
1894,34.0,Sales,Delhi,11.0,48989.11,70.0,5.6
1688,46.0,IT,Chennai,14.0,54817.8,78.9,5.7
1438,34.0,Sales,Delhi,2.2,20086.65,58.0,4.2
1807,33.0,HR,Bangalore,8.3,48800.24,80.0,3.3
1877,34.0,Sales,,10.7,44804.24,61.1,0.7
1342,36.0,Finance,Bangalore,12.7,52772.32,61.5,7.0
1003,40.0,Sales,,7.8,43300.5,58.3,7.0
1230,32.0,HR,Delhi,4.8,38504.58,67.8,31.2
1740,20.0,Sales,,0.0,20604.3,59.8,9.4
2178,35.0,IT,Mumbai,5.2,41759.49,89.7,14.4
1077,31.0,HR,Mumbai,7.3,45898.08,59.0,6.1
2127,48.0,IT,Bangalore,22.0,67371.53,82.8,0.8
1372,45.0,Sales,Kolkata,10.8,48082.63,59.7,14.6
1181,44.0,IT,,11.8,48096.57,18.9,5.8
1745,35.0,Marketing,,4.9,37545.43,85.8,2.2
1578,44.0,Sales,Chennai,19.2,65807.96,86.0,24.3
1770,47.0,Marketing,Mumbai,10.3,47280.62,71.5,2.4
1795,20.0,Sales,Mumbai,0.0,23456.64,37.9,0.7
2045,28.0,IT,Mumbai,3.7,28831.09,71.8,21.7
2036,34.0,HR,Kolkata,8.9,43825.01,40.8,17.9
1870,34.0,Finance,Bangalore,9.1,46228.16,100.0,8.6
1590,47.0,Sales,Chennai,16.5,59993.51,71.3,4.8
2046,27.0,Sales,,2.8,32075.88,85.0,5.3
1854,34.0,IT,,5.9,35270.81,70.4,12.5
2011,24.0,Sales,Kolkata,1.3,34368.92,91.1,8.7
1931,34.0,Marketing,Delhi,7.8,40247.34,77.3,53.2
1038,34.0,HR,,4.4,36026.49,89.8,12.6
1354,41.0,Sales,Delhi,9.2,41661.0,71.6,15.7
2119,37.0,IT,,10.4,41930.12,71.2,1.0
1237,20.0,Sales,Mumbai,0.0,18944.95,96.9,5.5
2068,38.0,IT,,8.2,39037.9,82.2,1.1
1500,22.0,Finance,Bangalore,0.8,24338.2,66.5,4.1
1554,50.0,Sales,Mumbai,13.8,52387.52,82.1,11.8
1056,29.0,HR,Delhi,6.8,36587.47,76.6,12.4
1303,41.0,Finance,Mumbai,9.5,45751.36,65.8,27.1
1287,36.0,Marketing,Chennai,10.9,49662.61,59.9,49.1
2052,32.0,Finance,Kolkata,7.4,43325.6,48.8,23.8
1220,28.0,Sales,Mumbai,5.5,196120.04,71.2,31.2
1665,33.0,HR,,10.0,45152.26,82.0,2.3
1388,38.0,Sales,,9.2,45994.84,34.6,8.6
1771,48.0,IT,Bangalore,18.9,63478.37,66.7,34.8
1391,20.0,IT,Delhi,0.0,28634.35,60.2,0.8
1353,29.0,Sales,Delhi,4.5,31958.95,59.6,16.9
1194,46.0,IT,Bangalore,14.8,61646.18,94.0,0.4
1236,29.0,Sales,Kolkata,5.3,27849.23,78.2,3.2
2062,46.0,Sales,Mumbai,16.8,213698.89,71.8,24.4
1568,29.0,HR,,3.5,149497.71,78.8,1.1
1117,36.0,Sales,Kolkata,7.7,34990.31,66.3,32.7
1983,36.0,Marketing,,5.3,35347.72,69.9,9.8
1654,25.0,IT,Chennai,2.1,108334.31,61.1,37.6
2012,46.0,HR,,11.5,49966.67,75.6,4.6
2130,20.0,HR,Kolkata,0.0,21987.5,65.5,12.3
1802,25.0,Sales,,1.3,25773.52,92.4,1.4
1814,30.0,IT,Delhi,4.2,41661.0,78.4,11.9
1121,26.0,IT,,1.7,29907.25,88.5,11.9
1857,37.0,HR,Delhi,9.8,41661.0,70.7,16.0
2042,42.0,Sales,Chennai,13.5,54380.61,70.8,9.1
2166,27.0,Finance,Mumbai,4.7,42555.72,65.9,1.5
1063,35.0,Finance,,6.4,41242.44,70.3,18.9
1697,20.0,Finance,Mumbai,0.0,16941.14,70.4,2.8
1454,51.0,IT,Mumbai,18.0,63429.18,70.4,1.6
1516,37.0,Sales,Kolkata,10.1,46884.71,78.2,12.0
1571,22.0,Sales,Kolkata,0.4,27585.79,70.4,5.2
1224,25.0,IT,Chennai,1.3,25474.51,92.8,37.1
1614,38.0,Finance,Chennai,13.9,49862.01,83.7,9.8
1222,36.0,IT,Kolkata,7.3,42415.98,70.4,10.2
1704,34.0,Sales,Delhi,7.3,36503.38,94.1,14.0
1831,37.0,IT,Mumbai,10.2,46727.59,70.4,1.8
1466,30.0,Marketing,Delhi,5.8,38518.56,54.5,2.3
1053,22.0,IT,,0.6,28625.16,75.4,5.7
2117,43.0,Sales,,12.4,54228.65,53.6,2.0
1486,33.0,Sales,Bangalore,9.9,48334.21,73.5,1.5
2164,22.0,HR,,0.4,30646.2,66.1,54.3
1965,34.0,Sales,Kolkata,9.5,46046.24,10.6,8.9
1156,48.0,Finance,Chennai,8.5,45504.35,69.0,39.6
1963,26.0,Sales,,2.5,41661.0,74.6,3.5
1601,38.0,Sales,Bangalore,13.5,53617.3,100.0,26.4
1921,31.0,Sales,Mumbai,8.9,40386.29,76.1,5.1
1249,57.0,HR,Kolkata,14.9,51264.01,90.4,0.8
1442,34.0,IT,,13.5,57904.71,78.7,10.649999999999999
2107,23.0,Finance,Mumbai,0.6,39285.04,82.3,26.3
2120,34.0,Finance,Delhi,1.5,29256.63,79.6,0.4
1543,36.0,IT,Mumbai,11.2,47147.08,70.4,1.2
1702,32.0,HR,Bangalore,8.1,38808.89,92.0,2.7
1118,34.0,IT,Kolkata,4.9,41661.0,62.0,37.4
1758,41.0,Sales,Chennai,7.8,47180.63,69.7,6.1
1629,26.0,HR,Kolkata,2.2,23847.56,76.1,4.7
2183,28.0,Sales,Kolkata,6.2,36020.42,85.5,14.9
1968,28.0,Sales,Bangalore,3.1,30300.39,65.3,7.5
1292,35.0,IT,Kolkata,11.3,43238.51,48.2,3.2
2064,34.0,Finance,,18.5,60947.21,32.4,8.9
1382,34.0,HR,Delhi,17.8,65433.44,70.4,2.6
1908,24.0,Finance,Chennai,2.0,25202.81,78.3,39.4
1954,25.0,Marketing,Delhi,3.6,32915.32,69.5,6.2
1201,37.0,Sales,Chennai,14.0,47645.56,80.1,15.3
1597,30.0,IT,,5.9,34855.43,73.8,4.7
2027,20.0,IT,Bangalore,0.0,17442.41,64.7,6.7
2161,25.0,Sales,Bangalore,1.5,25234.45,83.4,0.2
1839,34.0,IT,Mumbai,25.2,84947.06,61.5,26.2
1900,22.0,IT,,0.5,21603.44,60.2,12.0
1506,30.0,Sales,Mumbai,5.6,41661.0,27.7,16.3
1349,21.0,HR,Mumbai,0.0,26710.54,67.5,28.8
1970,34.0,HR,Kolkata,5.3,39095.16,74.8,11.5
1341,20.0,Finance,,0.0,25862.79,81.1,31.6
1616,24.0,Marketing,Bangalore,1.3,25424.6,66.7,5.0
1155,34.0,Marketing,Mumbai,5.4,37179.11,70.4,0.8
2128,33.0,Marketing,,6.5,31286.52,64.5,47.0
1799,42.0,Sales,,10.0,49798.69,95.7,7.1
1078,35.0,Sales,Mumbai,9.7,48249.64,71.3,5.2
1288,34.0,Finance,Kolkata,10.2,41877.95,100.0,36.3
1323,43.0,HR,Mumbai,15.5,63445.3,91.8,6.0
1861,26.0,Sales,Kolkata,2.4,29248.19,72.2,6.1
1901,37.0,IT,Delhi,8.1,42842.12,45.8,0.8
1834,31.0,IT,,5.8,26804.75,88.2,10.649999999999999
1083,31.0,Finance,Mumbai,4.6,48204.1,71.6,26.5
1830,20.0,Marketing,Mumbai,0.0,26358.37,71.5,6.1
1465,25.0,Marketing,Bangalore,2.2,29377.31,77.6,6.2
1884,25.0,Sales,Delhi,2.2,25666.6,68.5,62.9
1793,38.0,IT,Delhi,14.6,64045.72,66.6,8.8
2195,34.0,Finance,Mumbai,24.8,83969.87,59.0,11.6
1833,25.0,Sales,Mumbai,2.7,34896.26,77.6,10.649999999999999
1334,26.0,IT,Delhi,2.8,41661.0,54.7,8.9
1011,41.0,HR,Delhi,11.5,48716.33,71.5,30.2
1739,21.0,Sales,Mumbai,0.0,27091.98,77.5,32.1
1471,37.0,Sales,Delhi,9.6,46510.37,80.5,16.9
1033,30.0,IT,Chennai,6.7,135499.91,59.9,30.2
1819,36.0,IT,Mumbai,9.9,49215.56,72.7,35.6
1414,40.0,Finance,Delhi,15.1,59653.41,88.6,32.9
1581,20.0,Finance,Kolkata,0.0,15000.0,70.6,21.1
1383,21.0,Marketing,,0.0,24448.47,67.0,1.3
1864,35.0,Sales,Delhi,5.8,39473.93,62.8,11.8
1797,42.0,IT,Bangalore,11.5,41661.0,100.0,1.4
2157,34.0,IT,Delhi,8.2,164857.24,66.4,8.8
1878,32.0,HR,,5.9,35938.24,66.4,38.8
2163,32.0,Sales,Mumbai,4.5,38853.14,86.2,0.4
1379,47.0,Finance,,12.5,51344.38,97.7,5.0
1090,38.0,Marketing,,7.1,44239.67,70.4,6.3
1829,44.0,IT,Bangalore,20.0,67669.75,86.8,36.4
1602,29.0,IT,Chennai,3.4,32032.17,62.8,35.1
1214,30.0,Sales,,5.3,41661.0,71.8,6.4
1333,28.0,IT,Delhi,2.7,38082.48,73.8,27.3
1134,32.0,IT,Kolkata,7.3,48436.47,70.6,33.1
1347,34.0,IT,Chennai,6.8,46735.06,69.2,31.0
1899,38.0,IT,Mumbai,10.2,40834.39,81.0,2.8
1008,31.0,Sales,,5.7,45517.71,80.2,16.0
1882,42.0,Sales,Mumbai,13.2,58414.14,31.3,3.5
1321,40.0,Marketing,Delhi,12.1,53146.76,72.1,8.8
2081,34.0,Sales,Chennai,9.8,50262.58,63.9,4.4
1188,24.0,IT,Bangalore,2.2,31728.04,65.0,1.9
1635,34.0,IT,Chennai,5.7,36591.9,93.5,10.6
1553,34.0,Marketing,Mumbai,11.5,51361.27,64.4,11.7
1305,34.0,Finance,,6.6,39925.23,70.8,2.0
1032,34.0,Marketing,Bangalore,4.1,36448.21,86.0,15.0
1876,20.0,IT,,0.0,23323.04,81.7,5.4
1685,31.0,IT,,6.8,42992.32,61.5,9.8
2089,39.0,Sales,Chennai,16.2,62108.58,76.0,12.5
1241,27.0,IT,Kolkata,3.5,40479.05,85.0,59.4
1068,30.0,Sales,Mumbai,6.8,43510.83,79.7,25.2
1175,24.0,Finance,Bangalore,1.5,28185.29,90.0,40.7
1767,35.0,Marketing,Chennai,6.8,43100.24,64.8,22.9
2194,40.0,Finance,Mumbai,8.6,50670.28,79.8,11.9
1246,34.0,Sales,Delhi,1.0,25678.27,85.9,26.8
1057,34.0,HR,,8.9,45713.15,92.6,9.2
1631,47.0,Marketing,Chennai,11.1,50220.02,81.3,3.7
1584,25.0,HR,Chennai,3.5,31273.55,67.7,9.9
2048,38.0,Finance,,8.3,43253.71,80.0,4.6
1146,31.0,Sales,,4.5,41669.26,79.0,13.7
1091,39.0,IT,Kolkata,11.3,54509.85,70.6,32.2
2138,34.0,Sales,Chennai,6.2,41661.0,84.4,2.7
1393,30.0,Sales,Kolkata,7.7,49116.93,69.2,39.9
1893,31.0,Sales,,3.8,38368.17,68.0,14.7
1683,44.0,HR,,19.8,74438.9,67.5,7.4
1311,43.0,Sales,,17.1,59545.43,79.6,16.6
1360,33.0,HR,Delhi,10.3,45659.14,70.9,9.6
1094,33.0,Sales,Chennai,10.4,53511.04,65.6,0.6
2129,32.0,HR,Bangalore,7.5,44462.57,61.6,11.2
2047,30.0,IT,Bangalore,6.6,41986.03,83.3,9.0
1377,32.0,Finance,Kolkata,6.7,42976.47,64.9,34.2
1244,22.0,IT,,0.4,41661.0,57.2,13.6
1088,34.0,Finance,Kolkata,7.4,49080.56,89.0,2.9
1215,31.0,Finance,Kolkata,8.8,40251.08,67.6,16.5
1445,31.0,Finance,Delhi,5.7,36359.13,53.0,3.0
1174,24.0,Finance,,1.1,28403.79,81.6,2.2
1426,31.0,HR,Bangalore,7.7,42412.41,43.7,46.7
2063,30.0,Sales,Kolkata,6.4,41661.0,59.0,19.7
1119,47.0,Marketing,Bangalore,10.7,54584.55,58.9,17.0
1120,34.0,Sales,Delhi,5.5,35622.18,77.1,0.8
2035,30.0,HR,,4.8,43799.06,78.7,3.5
2096,44.0,IT,,15.6,58365.27,84.3,14.0
1001,36.0,Sales,,10.1,46635.54,88.9,0.0
1395,40.0,IT,Delhi,12.1,51589.09,74.5,21.1
1402,36.0,Marketing,,7.4,42369.33,63.3,21.6
1405,38.0,Finance,,7.8,44418.84,70.9,29.3
1880,34.0,Marketing,Mumbai,6.3,42393.65,51.0,12.9
1891,27.0,IT,,3.7,37787.47,54.6,16.1
1163,51.0,HR,,11.8,48070.56,66.4,3.6
1115,35.0,Finance,Kolkata,4.2,31077.86,52.1,19.2
1671,40.0,IT,,9.5,46168.72,62.2,1.4
1151,33.0,Finance,Bangalore,8.8,42592.58,51.3,10.649999999999999
1842,34.0,Sales,Bangalore,11.3,50643.27,59.2,7.8
1982,22.0,Marketing,Bangalore,0.6,20629.49,81.5,14.9
1562,37.0,Sales,Delhi,13.3,52300.59,56.3,3.0
1369,36.0,Sales,Mumbai,12.4,48611.67,35.8,23.3
1544,34.0,IT,Mumbai,4.1,31534.42,61.1,16.7
1478,25.0,Marketing,Delhi,3.5,28689.05,67.2,11.9
2152,42.0,Sales,Kolkata,8.0,41661.0,74.9,4.8
1533,30.0,Sales,Chennai,7.2,43072.87,46.0,9.2
1626,30.0,Marketing,Delhi,7.6,43192.04,70.9,15.8
2022,37.0,Finance,,14.0,49879.15,69.4,8.2
1513,35.0,IT,,5.2,38147.36,80.7,20.5
1840,31.0,IT,Kolkata,5.5,34250.38,69.5,22.3
1073,27.0,Sales,Chennai,2.5,41661.0,71.3,18.6
1808,24.0,Marketing,Chennai,2.0,121760.87,69.6,14.8
1259,33.0,IT,Mumbai,7.1,36563.72,14.8,12.0
1625,38.0,HR,,7.3,45882.69,57.0,42.5
1827,34.0,IT,Bangalore,9.2,43602.14,67.1,29.7
1235,28.0,Marketing,,6.1,41922.62,55.2,24.1
1617,34.0,IT,Kolkata,9.2,45912.82,41.7,3.9
1517,39.0,Marketing,Delhi,9.1,41549.64,93.1,9.7
2072,25.0,IT,Bangalore,2.9,34340.89,70.0,3.2
1837,31.0,Sales,Delhi,3.7,33732.72,79.3,11.4
1843,48.0,IT,,8.4,36633.84,49.5,0.7
1803,37.0,HR,Delhi,12.4,51222.33,59.7,9.2
1810,36.0,Sales,Bangalore,9.1,48396.8,78.7,26.3
1593,49.0,Marketing,Chennai,19.2,41661.0,62.4,31.5
2079,29.0,IT,Delhi,6.1,41956.75,25.9,16.1
1502,41.0,Sales,,13.1,51365.83,78.7,2.3
1539,20.0,HR,Chennai,0.0,21241.75,72.6,8.5
1946,31.0,Marketing,Kolkata,5.6,42538.93,83.5,20.7
1729,25.0,Finance,Mumbai,1.3,36473.87,67.0,7.0
1582,25.0,IT,Bangalore,1.6,24894.1,74.3,8.5
1344,37.0,Marketing,Mumbai,14.0,56717.55,72.0,14.6
1977,43.0,Marketing,Bangalore,18.9,69793.26,57.4,8.8
1890,20.0,IT,,0.0,17454.78,74.5,29.7
1294,20.0,Sales,Chennai,0.0,26511.85,67.2,20.9
1365,33.0,Marketing,Delhi,4.1,31215.84,54.5,1.3
1898,27.0,Marketing,Delhi,1.9,26095.35,70.4,4.3
1660,34.0,Sales,Kolkata,5.5,41661.0,63.6,4.7
1015,38.0,Sales,Bangalore,14.1,245746.39,60.5,10.649999999999999
1687,40.0,IT,,15.4,57069.52,71.2,11.2
1087,30.0,Sales,Kolkata,4.5,36488.94,58.9,1.7
1371,34.0,Marketing,Kolkata,7.9,41330.49,81.1,5.2
1166,27.0,Sales,,5.1,36221.08,62.6,20.4
1132,23.0,Sales,Bangalore,0.8,22429.17,67.0,2.6
1060,42.0,IT,Bangalore,6.9,41453.16,64.7,11.6
1710,39.0,Marketing,Kolkata,13.1,53918.2,58.5,1.6
1677,34.0,Marketing,Mumbai,28.7,95663.51,58.5,18.6
1355,43.0,Sales,Mumbai,8.4,44773.86,83.9,6.7
2014,21.0,IT,Kolkata,0.0,30417.2,81.1,4.7
1425,27.0,Sales,Chennai,3.4,34484.83,69.7,9.9
1293,46.0,Sales,,15.1,60335.31,41.3,6.7
1042,38.0,Sales,Bangalore,11.3,50176.86,79.0,56.3
2082,34.0,Finance,,9.8,38650.89,87.9,7.8
1330,30.0,IT,Delhi,4.5,31631.97,68.5,11.6
1615,28.0,Sales,Mumbai,3.3,39399.79,77.2,13.2
1430,37.0,Marketing,Kolkata,12.4,54063.71,89.5,32.9
1080,32.0,HR,Chennai,7.5,39954.22,92.2,3.3
1694,20.0,IT,Bangalore,0.0,21753.6,60.8,10.649999999999999
1029,37.0,HR,,8.4,43103.52,66.6,24.0
1708,38.0,Sales,,10.3,41661.0,32.8,6.5
2025,20.0,HR,Chennai,0.0,21379.3,76.7,10.4
2187,31.0,Finance,Bangalore,5.0,44090.36,74.0,6.0
1255,32.0,Sales,Mumbai,5.6,32672.4,64.5,22.6
1161,26.0,IT,,3.2,41661.0,59.0,0.5
1459,37.0,HR,Delhi,6.0,42922.11,72.4,5.0
1384,24.0,Sales,Mumbai,2.4,30579.71,68.0,7.6
1314,38.0,Sales,Bangalore,9.1,41661.0,35.2,16.2
1085,34.0,IT,Chennai,1.2,24882.62,64.9,5.9
1575,36.0,Sales,Bangalore,10.4,45545.91,44.3,19.5
1763,40.0,Finance,,10.4,47983.08,69.1,6.9
1137,37.0,IT,,11.6,53584.74,78.2,13.6
1112,36.0,IT,Delhi,10.9,47246.29,62.6,22.4
1195,25.0,Marketing,Delhi,2.3,32369.33,51.3,21.0
1853,41.0,Finance,,17.1,60364.5,74.4,12.8
1179,33.0,Sales,Delhi,4.7,31549.25,62.6,3.5
1556,32.0,IT,Chennai,5.5,38544.0,18.0,13.8
1724,22.0,HR,Mumbai,0.4,27913.5,88.7,11.6
1860,34.0,IT,,12.1,41661.0,55.9,2.3
1497,20.0,Finance,,0.0,15000.0,92.2,8.4
1904,47.0,Finance,Kolkata,9.3,38227.05,63.1,24.8
1806,43.0,Finance,Mumbai,15.1,65777.52,57.2,9.6
1130,27.0,IT,,4.3,33723.55,63.4,25.1
1716,24.0,Sales,,1.8,33807.0,60.4,7.1
1338,36.0,Finance,Chennai,6.0,41661.0,69.6,17.5
1609,34.0,Sales,Kolkata,0.0,41661.0,82.9,1.6
1125,41.0,HR,,17.8,61475.4,50.3,23.7
1196,27.0,HR,,2.2,102250.19,70.4,71.6
1227,54.0,Sales,Kolkata,11.3,41661.0,67.3,21.2
1690,31.0,Sales,Chennai,7.8,34600.59,62.6,14.9
1269,34.0,Finance,,9.5,45678.1,79.3,9.6
1153,21.0,Marketing,Kolkata,0.0,21537.21,59.0,3.7
1910,25.0,Marketing,,3.3,36338.03,70.7,1.7
1585,34.0,Marketing,,12.8,54148.41,55.1,10.649999999999999
1951,20.0,Finance,Kolkata,0.0,26218.68,76.1,9.7
1104,40.0,IT,Kolkata,10.0,43991.85,81.0,21.4
1594,21.0,IT,,0.0,16037.18,70.4,6.1
2121,38.0,IT,Kolkata,14.4,216627.2,65.4,4.8
1787,34.0,Sales,Delhi,8.1,47603.94,58.5,10.1
2019,31.0,Marketing,Bangalore,8.0,40103.52,80.0,1.4
1885,34.0,Sales,,1.7,27034.79,56.8,17.9
1777,25.0,Sales,Kolkata,2.6,23803.72,91.6,15.4
1949,37.0,IT,Bangalore,8.4,37735.04,35.8,3.2
1850,42.0,Sales,Delhi,6.8,43269.01,85.1,7.4
1895,32.0,Sales,Mumbai,6.8,44015.59,84.6,2.3
1228,49.0,IT,,16.4,60363.34,68.4,14.4
2143,20.0,Sales,Delhi,0.0,41661.0,64.5,12.1
1302,34.0,Finance,Mumbai,0.8,18127.0,76.2,36.4
1855,36.0,IT,,5.8,39474.99,70.9,7.2
1276,34.0,Sales,,13.8,51892.59,32.9,13.9
1127,46.0,HR,Bangalore,9.6,42922.65,100.0,43.2
1406,32.0,Sales,Kolkata,4.5,34984.79,62.0,17.8
1776,36.0,Sales,Kolkata,5.7,37949.24,61.7,9.3
1822,46.0,IT,,14.1,58526.31,73.8,19.1
1712,40.0,Marketing,Chennai,15.7,58735.24,56.3,5.5
1766,20.0,IT,,0.0,29962.39,74.0,27.2
1684,30.0,Marketing,Delhi,5.3,41661.0,71.0,26.1
1750,27.0,Marketing,Chennai,5.1,41661.0,53.3,5.6
2146,40.0,Sales,Chennai,7.2,42357.38,68.6,7.8
1037,33.0,IT,Bangalore,9.5,47539.74,87.0,5.6
1140,34.0,Sales,Chennai,11.7,46906.16,95.9,21.3
1304,31.0,IT,Chennai,6.1,34338.95,88.6,11.2
1268,37.0,IT,,14.4,57659.11,70.5,1.5
1835,28.0,Marketing,Delhi,3.7,31354.54,79.8,3.1
1534,38.0,Finance,Mumbai,8.2,43646.07,71.0,10.2
1546,33.0,Finance,Chennai,9.3,42624.16,86.7,37.4
1213,34.0,HR,Delhi,10.8,49115.74,39.0,5.4
1897,29.0,Marketing,Delhi,4.8,38412.19,88.2,14.8
1469,43.0,IT,,16.1,55859.26,69.5,0.9
1199,34.0,Sales,Kolkata,5.2,36556.16,55.6,8.2
2049,26.0,Sales,Chennai,3.1,32260.72,70.4,10.8
1868,31.0,Marketing,Chennai,6.2,40338.74,54.2,6.4
1673,28.0,Finance,Mumbai,3.9,33510.26,81.2,10.649999999999999
1917,45.0,Finance,,20.8,69668.95,58.7,13.2
1528,35.0,Sales,,5.7,40720.97,70.4,10.649999999999999
1676,37.0,Sales,Chennai,12.1,42190.05,68.4,3.7
2075,27.0,Marketing,Mumbai,3.0,33749.72,71.8,2.0
1815,29.0,Marketing,Bangalore,4.4,39172.41,79.4,28.4
1242,33.0,Marketing,Chennai,7.4,41661.0,62.8,5.4
1343,35.0,Marketing,Kolkata,8.0,44324.22,66.2,37.7
1550,39.0,Finance,Kolkata,14.0,53428.3,70.4,34.3
1387,38.0,Finance,Bangalore,11.8,163769.81,54.9,0.1
2125,33.0,Finance,Kolkata,7.4,37341.39,74.8,22.2
1967,32.0,Marketing,,8.9,48140.11,45.9,28.3
1207,27.0,Sales,Kolkata,5.1,32644.97,89.7,5.4
1296,34.0,Sales,Chennai,6.5,42691.49,69.2,8.6
1696,28.0,HR,Mumbai,5.9,35043.41,70.4,26.1
2092,34.0,Sales,Mumbai,7.6,35374.17,75.7,9.6
1074,38.0,Marketing,Bangalore,14.7,266401.7,79.5,17.6
1606,34.0,HR,Bangalore,5.4,37889.8,55.4,16.9
1105,27.0,Sales,Delhi,2.9,32268.53,80.4,6.7
1996,37.0,HR,Kolkata,8.2,41746.87,68.2,8.8
2026,31.0,Marketing,Kolkata,7.2,38045.47,77.0,10.649999999999999
2193,32.0,HR,Mumbai,7.0,41614.97,89.9,3.8
1017,37.0,Sales,Mumbai,11.0,50644.79,59.0,37.2
1440,37.0,Marketing,,9.0,47843.78,89.3,8.9
1092,33.0,HR,Mumbai,4.5,37718.59,78.1,13.0
1089,38.0,IT,,7.0,37726.5,76.7,16.4
2059,35.0,Sales,Kolkata,6.0,35799.98,67.0,13.8
1909,35.0,IT,Chennai,5.7,37528.0,58.6,7.5
1451,33.0,IT,Bangalore,8.5,47094.06,76.8,10.649999999999999
1718,39.0,Marketing,,13.5,52125.01,60.4,6.2
1103,31.0,Marketing,Kolkata,7.7,37745.63,74.4,55.7
1239,26.0,IT,Delhi,3.6,41661.0,68.8,86.1
1069,41.0,Finance,Bangalore,13.7,41661.0,74.7,9.3
1943,38.0,Sales,Delhi,10.1,47618.84,74.2,47.0
1247,25.0,HR,Kolkata,1.9,28046.63,70.4,12.8
1939,42.0,IT,Bangalore,7.3,44451.41,64.4,15.3
1158,42.0,Sales,Mumbai,15.1,55582.01,57.2,6.3
1480,55.0,Finance,,25.6,83683.53,73.8,10.649999999999999
1646,34.0,HR,Bangalore,4.8,29333.14,69.7,31.6
1006,24.0,IT,Delhi,2.6,23355.86,53.3,11.5
2099,42.0,IT,Bangalore,12.7,41661.0,66.2,7.9
1872,26.0,Marketing,Delhi,4.1,28936.19,49.3,10.3
1966,23.0,Marketing,Chennai,1.0,23933.83,83.2,3.9
1019,41.0,Sales,Kolkata,13.4,58689.69,70.5,13.4
2018,32.0,HR,Mumbai,6.3,40839.73,73.6,32.7
1122,34.0,IT,Delhi,4.7,39816.35,67.2,1.6
1947,37.0,Finance,,10.4,41661.0,70.5,13.7
1662,34.0,Sales,,4.3,178914.06,65.2,49.9
2017,34.0,IT,Bangalore,8.2,40450.89,80.2,1.3
1275,47.0,Sales,,22.4,73620.62,67.3,3.4
1434,20.0,Marketing,Kolkata,0.0,26750.69,100.0,3.5
1812,29.0,IT,Delhi,5.8,34440.73,87.4,27.2
2151,35.0,Marketing,Mumbai,5.1,38141.23,53.8,27.2
1312,38.0,Finance,,11.1,41661.0,68.4,22.3
2135,33.0,IT,Mumbai,10.5,147562.74,70.4,1.5
1781,34.0,Sales,,7.2,39490.09,71.8,50.8
1547,36.0,Sales,Delhi,8.1,162849.7,84.5,7.8
1182,36.0,IT,Kolkata,4.6,35520.57,70.4,23.7
1185,37.0,Finance,Kolkata,7.4,37547.1,71.4,5.1
1407,33.0,IT,,3.9,22803.99,47.7,80.0
1720,26.0,Marketing,Delhi,2.5,29606.84,73.2,4.5
2024,39.0,IT,Bangalore,14.0,56507.15,66.3,3.4
1607,40.0,Sales,Chennai,15.0,210212.57,70.4,27.5
1693,42.0,Sales,Chennai,15.2,258114.75,78.5,29.3
1521,26.0,Sales,Kolkata,3.0,25108.93,10.4,24.1
1866,41.0,Sales,,15.7,53177.4,74.2,19.3
2004,39.0,IT,Chennai,14.3,60775.95,56.4,3.2
1381,35.0,Sales,Bangalore,9.4,41455.02,61.9,9.4
1428,48.0,Sales,Kolkata,12.8,53875.57,69.4,15.4
1079,39.0,Sales,Mumbai,10.3,54536.44,35.7,8.1
2010,34.0,Sales,Kolkata,7.3,35843.93,55.3,42.3
2199,46.0,HR,Chennai,8.5,44959.87,60.4,22.6
1608,38.0,Marketing,,6.9,35258.96,61.1,19.6
2077,45.0,IT,Kolkata,18.3,62129.06,67.1,3.7
2105,25.0,Sales,Kolkata,2.1,33839.82,74.9,15.8
2065,29.0,Marketing,Chennai,3.8,26755.29,83.1,6.2
1959,34.0,HR,,5.8,33971.75,0.7,4.7
1560,27.0,Sales,Mumbai,5.4,36911.96,76.0,22.1
1847,34.0,HR,,27.7,87499.84,62.5,28.3
1691,37.0,IT,Bangalore,14.0,50537.35,73.4,37.1
2180,37.0,Sales,Chennai,6.6,40533.59,63.3,17.1
2133,29.0,IT,,5.0,41661.0,63.7,9.0
1437,30.0,Finance,Chennai,5.7,33947.93,89.1,0.5
1491,43.0,IT,Delhi,8.0,35560.36,89.9,17.0
2114,32.0,Sales,Mumbai,6.0,44113.32,70.3,11.6
1070,32.0,Marketing,Delhi,7.8,40785.86,80.6,10.3
1809,31.0,Marketing,,8.8,44258.82,72.6,1.1
1012,40.0,Sales,,13.0,59418.07,71.6,32.3
1145,27.0,IT,Chennai,5.2,41661.0,93.3,14.1
1918,38.0,Finance,,12.4,50720.78,81.2,5.1
1640,38.0,Finance,Bangalore,14.1,56146.26,90.5,1.6
1177,47.0,Finance,Mumbai,20.1,71672.18,67.1,7.9
1995,33.0,IT,Bangalore,7.3,38901.89,92.6,1.1
1441,32.0,Finance,Mumbai,8.8,42947.61,49.6,15.6
1522,27.0,Marketing,,5.1,34785.57,100.0,32.9
2005,34.0,Sales,,7.4,34552.78,69.6,15.5
1144,36.0,IT,Kolkata,9.1,43165.02,78.6,2.6
1754,50.0,Sales,Bangalore,20.8,67425.62,64.7,2.5
1520,34.0,HR,,20.3,65880.26,82.8,6.4
1823,25.0,Sales,Delhi,2.9,32398.22,67.7,22.8
1429,23.0,Marketing,Chennai,1.5,119504.11,77.5,18.2
1613,34.0,IT,Delhi,0.9,29001.07,78.8,18.2
2033,30.0,Finance,Chennai,7.6,39992.16,75.2,1.6
1157,35.0,Sales,,8.8,43314.32,77.3,15.9
1540,28.0,IT,,3.7,28758.43,86.2,14.2
1462,27.0,Finance,Kolkata,4.5,35076.56,68.3,1.8
1577,45.0,Finance,Delhi,16.1,63894.33,83.9,13.0
1256,40.0,Finance,,13.9,56581.19,80.9,4.2
1980,34.0,Sales,,10.7,51155.94,83.5,0.9
2007,39.0,IT,Bangalore,6.9,46521.04,67.2,12.0
1561,33.0,HR,Mumbai,9.9,49951.39,86.9,0.4
1209,27.0,Sales,Mumbai,2.2,31468.52,89.8,26.6
1911,28.0,Sales,Kolkata,3.0,33276.8,85.1,7.0
1002,26.0,IT,,1.5,41661.0,57.9,5.5
1270,34.0,IT,Chennai,4.3,27669.51,80.1,17.9
1266,42.0,Marketing,Bangalore,10.3,52740.17,66.3,5.4
1915,42.0,HR,Bangalore,11.7,50864.71,72.1,6.8
1231,34.0,IT,Mumbai,0.4,19661.16,64.4,8.7
2198,27.0,IT,Kolkata,4.6,38689.49,60.6,22.1
1865,28.0,Finance,Mumbai,2.7,31878.58,70.4,21.3
2067,25.0,IT,Kolkata,2.5,24621.34,54.2,20.8
1874,35.0,Sales,,11.1,56117.73,38.8,7.9
2086,31.0,Sales,Bangalore,7.8,41661.0,70.4,9.2
1399,38.0,Marketing,,5.9,33553.67,74.3,15.5
2165,26.0,HR,Delhi,2.1,41661.0,79.8,15.3
1046,36.0,IT,Mumbai,5.5,38637.34,48.6,5.9
1162,28.0,Marketing,Chennai,2.5,34884.57,68.5,24.2
1992,46.0,Sales,,17.4,63327.72,66.5,0.6
1728,40.0,Sales,Bangalore,8.5,41661.0,85.6,23.8
1630,34.0,Marketing,Mumbai,0.0,31403.5,72.3,12.3
1289,32.0,Finance,Mumbai,7.3,40305.02,84.7,10.649999999999999
2060,38.0,Sales,Delhi,8.4,42601.48,71.5,8.9
2188,37.0,Sales,,6.3,35602.85,78.6,9.4
1576,22.0,IT,,0.5,136706.24,28.9,10.7
1851,31.0,IT,,8.9,38338.53,70.1,1.4
1912,37.0,Marketing,,5.7,38132.89,74.5,12.8
2101,43.0,Marketing,Delhi,13.2,57435.47,71.5,6.3
1933,43.0,IT,Mumbai,12.3,41661.0,82.1,14.6
1248,49.0,Sales,Chennai,10.0,49444.01,58.2,12.0
1477,43.0,Marketing,,19.6,41661.0,64.7,19.3
1086,38.0,IT,Mumbai,8.5,45375.19,70.3,0.8
1470,26.0,Marketing,Bangalore,3.2,30311.55,62.9,9.2
1226,36.0,IT,,10.8,41661.0,82.6,7.8
1775,34.0,Sales,Kolkata,8.3,48047.27,68.6,2.1
1332,39.0,Sales,Bangalore,12.4,49279.12,65.0,36.7
1234,44.0,Sales,Bangalore,8.8,51446.04,93.2,21.1
1589,36.0,Finance,Kolkata,10.5,229656.29,76.2,31.7
1476,31.0,IT,Delhi,7.2,47475.59,54.5,49.7
1600,34.0,Sales,Delhi,0.0,24808.98,67.8,50.0
1422,27.0,Finance,Bangalore,5.0,33063.71,67.9,13.0
1183,31.0,Marketing,,4.7,29357.36,70.4,10.5
1989,32.0,Marketing,Delhi,8.6,41661.0,77.7,9.1
2001,34.0,Sales,Bangalore,6.3,41661.0,70.4,8.7
1050,35.0,Marketing,Kolkata,6.9,48666.7,70.3,10.649999999999999
2140,34.0,Sales,,8.2,50941.37,72.3,20.8
2030,42.0,Sales,Chennai,16.2,272181.61,66.1,6.3
1530,47.0,Sales,,20.5,66951.99,90.9,6.5
1487,28.0,Finance,Chennai,2.6,28560.85,86.6,3.4
1498,31.0,Sales,Mumbai,4.0,29624.35,72.9,19.4
1107,26.0,IT,Kolkata,4.5,35761.38,69.1,5.9
1444,45.0,IT,Delhi,15.3,63812.26,70.4,29.2
1647,39.0,IT,Delhi,10.0,41723.88,76.1,68.1
2037,42.0,Finance,,11.6,58982.52,79.7,17.1
1727,34.0,HR,Bangalore,5.3,33062.24,70.4,1.6
1283,41.0,Sales,Kolkata,7.0,34713.09,71.3,1.4
1030,37.0,Finance,Bangalore,9.1,47034.6,87.1,1.7
1170,34.0,Sales,,7.2,31327.78,70.4,10.7
2002,28.0,IT,Mumbai,5.7,26061.52,100.0,23.3
1101,31.0,Sales,Kolkata,8.1,42944.54,69.8,19.6
1198,31.0,Sales,Kolkata,3.6,31036.31,68.0,19.3
1496,41.0,Sales,Delhi,6.2,33842.39,69.8,1.7
1648,20.0,Finance,Delhi,0.0,25047.64,66.7,4.0
1988,37.0,Sales,Bangalore,13.5,60192.7,77.2,3.9
1045,35.0,IT,Chennai,6.1,38304.23,41.8,45.6
1711,34.0,Sales,,5.9,36694.63,77.6,30.1
1374,41.0,IT,Mumbai,7.2,37845.24,23.1,8.1
1679,37.0,Sales,,13.0,55922.49,67.0,35.3
1567,34.0,Sales,Delhi,7.2,42528.75,56.0,6.0
1848,41.0,Sales,Delhi,11.6,51622.55,72.9,2.2
1461,37.0,Sales,Mumbai,11.7,53710.42,85.0,1.4
1040,39.0,IT,Delhi,15.2,55297.29,70.4,1.1
1435,41.0,IT,Mumbai,11.3,54037.97,85.0,32.3
1974,39.0,Sales,Chennai,12.0,54581.42,63.0,8.4
2008,34.0,Sales,,8.5,40657.55,67.2,10.7
1457,43.0,Sales,Chennai,17.9,62941.35,76.0,4.8
1261,32.0,Marketing,Delhi,8.3,43066.06,95.1,47.5
1036,43.0,IT,Bangalore,19.3,65416.49,63.5,23.7
1828,33.0,Sales,,6.1,33983.05,66.4,0.4
1310,48.0,IT,Bangalore,19.0,41661.0,68.1,29.3
1277,34.0,HR,Mumbai,4.4,39623.99,70.4,65.1
1655,39.0,Sales,Delhi,5.8,42325.06,65.1,10.649999999999999
1623,36.0,Sales,Bangalore,12.4,53484.5,75.0,18.4
1845,35.0,IT,Chennai,10.2,41684.9,68.9,0.9
1394,38.0,IT,Kolkata,13.5,48704.42,62.9,26.1
1108,31.0,HR,Bangalore,3.4,34483.25,65.2,18.4
1350,46.0,Marketing,Kolkata,17.8,62879.04,69.3,11.5
1525,45.0,IT,Kolkata,17.4,73362.83,72.3,12.3
1785,34.0,HR,Kolkata,9.9,41119.33,68.7,16.7
1048,36.0,HR,,11.5,48829.62,73.9,0.3
1204,39.0,Marketing,Mumbai,8.9,42640.8,64.9,6.7
1022,29.0,Finance,,3.1,26508.27,79.5,18.2
1403,41.0,Sales,Bangalore,6.1,31008.81,65.4,6.1
2108,28.0,Sales,Bangalore,3.7,37358.13,56.0,10.0
2155,40.0,HR,,6.6,39929.69,62.6,10.8
1990,30.0,Sales,Delhi,7.8,42485.55,65.7,26.0
1742,44.0,Marketing,,8.0,43688.0,97.9,12.0
2148,31.0,Sales,Bangalore,5.9,34917.65,70.6,2.8
1034,27.0,IT,Bangalore,3.4,29495.22,67.5,9.3
1788,32.0,Sales,Bangalore,3.5,33991.64,89.6,5.3
1924,29.0,Sales,,4.3,33587.07,64.3,2.5
2181,23.0,Sales,Mumbai,1.4,30858.75,58.1,3.2
1580,37.0,IT,Bangalore,11.5,50919.17,54.1,0.0
1482,45.0,HR,,9.7,46172.33,89.7,40.2
1932,38.0,IT,Kolkata,6.7,39544.63,67.2,29.3
1357,34.0,Marketing,Chennai,13.3,52345.89,67.5,5.6
1760,38.0,Finance,Delhi,11.8,41661.0,61.7,2.7
1093,34.0,Sales,Kolkata,7.1,36776.01,69.0,2.1
2176,21.0,Marketing,,0.0,29290.13,65.2,20.6
1804,37.0,Finance,Mumbai,7.5,158348.62,66.2,38.1
1746,34.0,IT,Chennai,16.0,58804.91,60.6,24.9
1280,36.0,Sales,,5.1,41652.74,75.0,7.6
1765,37.0,Finance,Mumbai,4.9,44204.96,72.9,0.7
1605,29.0,Sales,Mumbai,3.7,32388.0,77.1,9.2
1538,43.0,Marketing,,12.5,55695.65,67.6,9.1
1401,33.0,IT,Mumbai,6.0,41661.0,66.7,7.5
1258,31.0,Finance,Bangalore,5.9,36122.35,76.3,1.6
1945,36.0,Finance,Delhi,5.3,123147.81,65.1,23.7
2097,47.0,Finance,,14.5,41661.0,49.9,14.7
2162,31.0,Sales,Kolkata,8.3,40021.93,64.7,11.0
1495,32.0,Marketing,Chennai,3.6,133776.03,78.1,57.6
1773,36.0,Sales,Bangalore,12.9,54807.64,50.2,40.9
1551,37.0,IT,,8.5,48128.64,71.0,9.7
1202,45.0,IT,Bangalore,11.3,54347.14,93.4,10.649999999999999
1313,48.0,IT,Bangalore,20.6,64943.05,40.1,13.9
1291,32.0,IT,Mumbai,6.0,37987.37,86.1,19.1
1764,39.0,IT,Delhi,8.4,44211.72,41.8,7.7
2137,34.0,IT,Chennai,11.7,51233.24,86.8,0.3
1950,20.0,Sales,Bangalore,0.0,33121.49,33.9,11.6
1184,43.0,Marketing,,11.0,49665.87,49.1,4.9
2177,28.0,IT,Chennai,4.0,36836.15,84.4,5.7
2069,46.0,IT,Mumbai,21.1,69844.39,71.9,2.7
2031,44.0,Finance,,10.8,51665.59,54.5,1.2
1251,31.0,Marketing,,6.8,40689.56,58.7,11.3
1824,20.0,Sales,Chennai,0.0,23047.56,55.9,7.9
2100,44.0,HR,Mumbai,7.2,40097.56,83.5,0.7
1941,36.0,IT,,5.0,32063.81,79.6,12.6
1392,34.0,Sales,Delhi,10.8,49920.53,55.8,5.6
2192,42.0,HR,Chennai,8.5,45295.92,69.4,18.3
1905,29.0,Marketing,,2.8,22651.61,70.4,5.9
1731,38.0,Finance,Chennai,10.3,42909.89,77.1,20.5
1555,34.0,Finance,,9.4,45195.89,71.5,36.2
1367,28.0,HR,Kolkata,4.3,37458.2,88.3,28.2
1346,34.0,IT,Bangalore,0.0,22435.94,51.5,7.6
1536,39.0,Finance,,6.9,45463.64,74.7,4.2
1920,20.0,Marketing,Chennai,0.0,25137.63,68.1,10.4
1212,23.0,IT,,1.6,23928.39,68.3,53.1
1503,28.0,IT,Bangalore,2.7,34463.69,62.2,1.2
1176,35.0,Marketing,Bangalore,10.1,47009.55,86.3,41.0
